1 0.6398046874999997 0.8863993710691813 0.095703125 0.18917059748427692
1 0.8390234374999999 0.8286654874213825 0.07617187500000029 0.19162735849056606
1 0.7433203124999997 0.7819870283018856 0.10742187500000014 0.16705974842767304
1 0.7804296874999997 0.6677476415094327 0.21289062500000014 0.10564072327044026
1 0.5333593749999997 0.41838639937106775 0.16796875000000008 0.103183962264151
1 0.8858984374999999 0.3299430031446526 0.16992187500000028 0.0884433962264151
1 0.8507421874999999 0.2844929245283004 0.138671875 0.0909001572327044
1 0.7618749999999997 0.23535770440251422 0.14843750000000014 0.06633254716981137
1 0.46109374999999975 0.07689661949685374 0.1015625 0.08352987421383654
1 0.43277343749999975 0.3041470125786149 0.11132812500000007 0.07124606918238995
1 0.48550781249999975 0.21201847484276573 0.04492187500000007 0.04913522012578619
1 0.1368749999999995 0.27466588050314317 0.13671875000000008 0.08107311320754722
1 0.2853124999999996 0.3495970911949671 0.08203125 0.0589622641509434
1 0.6456640624999997 0.5166568396226401 0.052734375 0.12775157232704412
1 0.7316015624999997 0.48594732704402377 0.12304687500000014 0.1203812893081762
3 0.6954687499999997 0.5645636792452816 0.08984375 0.06633254716981142
1 0.06949218749999948 0.8298938679245271 0.12695312500000008 0.08107311320754726