1 0.8634666921898927 0.36027298850574485 0.2669410413476267 0.33764367816091967
1 0.7874234303215923 0.4374999999999977 0.3014931087289434 0.32686781609195414
1 0.844324272588055 0.7446120689655151 0.3052258805513021 0.3089080459770116
1 0.08743300153139327 0.8757183908045956 0.17486600306278655 0.226293103448276
1 0.3674866003062782 0.8286997126436771 0.22253062787136307 0.3334051724137952
1 0.27895290964777897 0.5704022988505726 0.37088437978560507 0.3053160919540231
1 0.3016845329249612 0.25610632183907817 0.3397779479326189 0.4238505747126439
1 0.36629019908116334 0.16461925287356208 0.3206355283307811 0.3338362068965494
3 0.11016462480857553 0.18796695402298735 0.22032924961715106 0.3805316091954
3 0.5660892036753442 0.5686063218390783 0.21774502297090362 0.33045977011494276
2 0.5804460183767225 0.2453304597701126 0.13638973966309342 0.19396551724137936